8
064 002 003 061 060 006 007 057
009 055 054 012 013 051 050 016
017 047 046 020 021 043 042 024
040 026 027 037 036 030 031 033
032 034 035 029 028 038 039 025
041 023 022 044 045 019 018 048
049 015 014 052 053 011 010 056
008 058 059 005 004 062 063 001
6
032 029 004 001 024 021
030 031 002 003 022 023
012 009 017 020 028 025
010 011 018 019 026 027
013 016 036 033 005 008
014 015 034 035 006 007
5
011 024 007 020 003
004 012 025 008 016
017 005 013 021 009
010 018 001 014 022
023 006 019 002 015
4
004 014 015 001
009 007 006 012
005 011 010 008
016 002 003 013
3
004 009 002
003 005 007
008 001 006
3
008 001 006
003 005 007
004 009 002
6
032 029 004 001 024 021
030 031 002 003 022 023
012 009 017 020 028 025
010 011 018 005 026 027
013 016 036 033 007 008
014 015 034 035 006 019
5
011 024 007 020 013
004 012 025 003 016
017 005 008 021 009
010 018 001 014 022
023 006 019 002 015
4
012 016 018 033
035 034 098 004
008 010 011 023
076 045 032 032
4
001 002 003 004
005 006 007 008
009 010 011 012
013 014 015 016
4
004 002 003 001
005 006 007 008
009 010 011 012
013 014 015 016
3
007 005 003
002 009 004
006 001 008